lr0: 0.01
lrf: 0.1
momentum: 0.937
weight_decay: 0.0003862380981445312
warmup_epochs: 3.0
warmup_momentum: 0.8
warmup_bias_lr: 0.1
box: 0.015820312500000003
cls: 9.492187500000005e-06
cls_pw: 1.0
obj: 56.699999999999996
obj_pw: 1.0
iou_t: 0.2
anchor_t: 4.0
fl_gamma: 0.0
hsv_h: 0.015
hsv_s: 0.7
hsv_v: 0.4
degrees: 0.0
translate: 0.1
scale: 0.9
shear: 0.0
perspective: 0.0
flipud: 0.0
fliplr: 0.5
mosaic: 1.0
mixup: 0.1
copy_paste: 0.1
label_smoothing: 0.0
